[LEFT_CAM_HD]
fx=672.123
fy=672.456
cx=640.0
cy=360.0
k1=-0.123
k2=0.234
p1=0.001
p2=-0.002
k3=-0.456

[RIGHT_CAM_HD]
fx=671.789
fy=671.234
cx=640.0
cy=360.0
k1=-0.125
k2=0.236
p1=0.001
p2=-0.002
k3=-0.458

[STEREO]
Baseline=120.0
CV_HD=0.999 -0.001 0.02 -0.001 0.999 0.001 -0.02 0.001 0.999
RX_HD=-74.123